 1505814787
 -424447514
  -17908867
 1575576361
 2009703358
 -286902699
 1026421680
 1171780196
  244333865
-1890393581
  987093240
 1531931164
 1610468377
-1351912701
  495533476
 2017440156
-1595455482
 2074680303
 -347563405
-1351385791
 1295936557
-1449031344
  888529843
-1880633376
 1160802529
-1721206137
-1500218754
  761622393
-1688733904
   33528582
 1319779868
-1805783821
-1108188117
 -784514573
-1278909553
-1631137416
 -394286089
 -364340414
-1430103152
  297464497
-1150449253
  982876937
 1987503601
 2101745566
 -589101105
-1247577552
-1750210290
  213080859
  184729349
 1311360021
 1826128273
 1522433722
-1444752225
 -224303706
 1770042445
-1633500942
 -616847609
  433772778
 -196402507
 -922122766
-1938738096
 -792576961
 2041132313
 -233082124
 1326438484
 1986305281
  538866718
 -709570311
 2078764424
 -118349829
-1964242675
-1675820614
  200505759
  531974509
-1684851980
-1179825587
 1892856052
  918330457
 1487619449
  328692609
-1970604342
 1523592906
-1247137098
 1404210860
 -619722114
 1384008629
 1868183750
 1963449791
    9623403
 -989299049
 1102199427
-1749536529
 2117811426
 1221207941
-1611977910
 -265586418
    8324170
 1296343575
 1722375805
  484331064
 1197023324
 1326510521
 1252640491
-2017786275
 -942336034
 1885266484
-1320333117
 1391893042
  599790921
-1988220874
 -323548397
   71264736
-1777718692
 1267826531
  575569855
 1508438728
-1353139061
-1383167605
  848809645
 1127102228
  564795824
 1677526761
   29201863
  261279312
-1547381056
  260129256
  404434341
-1234602711
 1138203109
 -290232898
  233767167
-1318519742
 -292054076
-1491983657
  604008436
 1472798426
 1158988947
  532813790
  142755689
  977424814
  960044403
 2018715057
 -658517519
 1721166583
   30964163
 -901942870
-1491549369
 2143935017
-2062496686
 -681328368
  462041402
-1071714850
-1089246583
  286836995
  635358133
 1012581529
-1662533796
  540934451
 1421896390
 -785916137
 1754725919
  618178211
 -545384733
-1044018258
 -774684138
  469597583
  550871673
  923383244
 1432009448
  847192952
 1741844262
  947064165
  475986542
 1629095843
 -471285733
  287468184
-1377631956
 -175214012
  208753963
 -423596123
 -915560708
 -990682171
  799027049
 -462101970
  391807819
 -719093567
-1644066691
  476426109
  547196982
  965123277
-2139524625
 -482432071
  851496440
-1493798446
  698956888
 -390194188
-1482035788
 2137519744
 2023974450
-1313210404
 1517305561
 -530255192
 1714825575
  692572753
 1304670823
-1496279722
   51849972
 -383678924
-1673198182
-1961735507
 1728412119
 1700836689
  594615612
  182045569
-1759790068
 -674317005
 1127527858
 -595131755
-1212382799
  141719535
 -558336846
 -543588832
-1114848567
-1646057177
 1184735699
  423793306
 -954125121
-1533573353
  212586316
 1550995814
  449812654
-1734386709
 -915726421
 1095032417
  -52989595
-1698651407
-1171149827
 1991635820
-1674503281
  890570519
 1337874921
-2105000412
 -160996869
  729022776
-2032100317
 -654634737
 1244932273
  501382167
-1272976564
-1173239431
   41817845
-2034726842
  329374030
 1250595024
  957155308
 1850736239
 1119444479
 1248083994
 -187836773
-1352498612
-1163450654
 1240699456
 -352725921
  456532429
-1700818842
 -203462991
  150116899
  547832041
 1333227406
-1885695959
 1147057631
-1924119753
 1982943464
-2090307521
-1674028309
  748337509
-1927320972
 1756244042
-2126509097
-1000004324
  173699654
 1448276218
  525990037
  261378874
 -776776243
 -770741718
 1271513002
 2036192079
 -361378599
 1101530441
  932740408
 1712501231
 1045320529
 1741592928
 -452873909
  362450812
 1438924514
  821592199
-1231348355
 1327376935
 1856281101
 1485290833
 1916966980
-1244617730
 -144551328
-1197352305
-1248990273
-1505417501
 -654954994
 1161492373
 1591366406
-1725642540
 -339160822
  523419658
 -266946435
-1816983537
 2004754353
-1561928193
-1045066295
  606026694
 -811250497
 -947607703
 -794073801
 2146874714
-1138978103
-1380054851
-1401629284
 1650081160
 2110138367
-1808222907
  603045231
  163142023
 1174676248
 1958373698
  800231411
 1370397399
-1149179701
 1927027104
     331086
 1279588796
    4929031
 -681333470
 -806359318
 1786911729
  326684888
 1427366735
 -544429425
 -657686996
 1461754225
   63095788
 1490049711
 1504626987
 1012932092
 1904667464
  373690521
 -744003255
  -19724110
 1802576612
 -832901277
-2098710887
-1754161381
 1244810486
 2041928404
 -132061916
  920863381
 1800789562
 1268646192
 2055250851
 -830059085
-2129929818
 -179323593
 1288347410
 1379598882
   30897189
 -134175675
  183121981
-1829013234
  901563286
 1811854974
 1053921553
 1644446906
